2.139 0.831 0.848 0.83 0.509
0.808 5.592 1.556 0.774 0.979
0.739 0.935 1.412 0.398 1.387
0.545 1.403 1.454 1.725 1.557
1.33 1.362 1.853 3.245 1.602
0.584 0.963 0.415 0.554 3.08
1.067 1.459 1.357 0.989 1.749
0.653 1.666 1.477 0.167 0.588
0.924 0.8 1.341 0.832 1.3
0.997 0.76 1.022 1.52 0.645
2.552 1.346 0.708 0.993 1.885
0.994 1.009 0.664 1.777 0.528
0.503 3.188 1.328 4.867 1.536
0.722 1.349 0.987 2.938 0.908
2.081 0.456 4.756 0.622 2.356
0.972 1.191 2.606 1.321 0.771
0.391 1.043 1.943 0.936 1.686
0.446 1.181 1.343 1.848 0.45
1.816 0.442 1.995 2.011 2.209
0.983 1.368 3.787 1.346 0.676
3.399 0.908 1.418 1.655 1.998
1.309 1.874 2.022 1.101 3.288
0.713 2.249 0.335 2.078 1.599
0.418 0.347 1.421 2.067 0.602
0.673 0.413 0.145 0.355 1.021
1.41 1.498 0.995 1.005 1.326
0.301 0.816 2.039 1.122 0.416
1.049 0.428 0.864 0.819 0.496
0.996 0.219 1.312 1.028 1.244
0.824 0.677 0.906 0.233 0.892
1.095 1.569 2.445 0.526 1.549
0.194 0.858 0.084 1.207 0.921
1.111 0.893 1.106 1.582 2.411
0.812 1.108 2.567 0.595 1.31
0.656 0.882 0.719 1.115 1.271
0.654 1.12 0.913 2.121 1.361
1.032 1.268 0.86 2.521 0.32
4.063 0.539 0.818 1.345 0.675
0.809 0.164 2.033 0.473 0.584
0.568 0.549 0.688 0.222 0.809
0.781 0.959 1.328 0.642 0.962
0.689 1.35 1.155 1.654 0.209
0.906 1.418 1.732 0.655 0.905
0.379 0.81 0.73 1.031 0.526
1.123 3.561 1.478 1.289 1.999
1.001 0.595 1.285 0.987 1.008
0.603 0.905 2.197 0.588 0.905
1.625 0.666 1.351 1.016 0.184
1.12 1.519 1.608 0.745 0.236
1.035 0.634 0.895 0.29 0.603
0.954 0.865 1.462 1.42 2.683
0.91 1.466 8.306 0.875 0.971
0.534 3.644 0.861 1.45 2.087
2.25 0.668 4.602 2.988 0.669
1.243 0.654 1.206 0.599 3.844
0.991 0.569 0.936 1.454 1.269
1.219 1.111 0.408 0.62 0.682
1.417 1.066 1.399 0.735 0.569
0.788 1.138 0.331 1.523 0.849
0.655 0.739 2.126 0.813 1.347
1.252 0.232 0.944 1.087 0.338
1.073 1.708 0.171 0.931 0.641
0.418 0.754 1.149 1.149 1.923
1.684 1.702 1.147 1.261 0.549
1.677 0.508 1.167 1.883 1.28
1.223 1.114 1.726 0.785 0.404
0.687 0.474 0.327 1.691 1.041
1.187 1.21 3.727 0.385 1.143
0.32 1.44 0.975 0.244 1.218
1.344 3.446 0.772 0.403 3.101
1.667 0.674 2.018 0.719 0.082
0.351 0.87 0.69 1.02 0.642
8.439 0.917 1.061 1.301 0.548
0.247 0.782 1.553 0.571 0.699
0.252 1.459 0.48 1.018 1.356
1.171 0.653 2.249 1.125 0.785
1.38 1.648 9.725 2.187 1.616
2.128 0.747 1.698 0.213 0.344
0.741 0.679 0.689 0.792 1.813
0.398 0.908 0.947 4.323 1.225
0.748 1.133 0.656 0.631 0.896
1.716 0.655 2.328 0.831 1.134
0.63 0.588 0.285 1.612 0.499
1.132 0.981 0.633 2.005 1.141
0.78 0.429 1.269 2.209 0.378
1.671 2.887 1.117 1.281 1.43
0.778 0.621 1.094 0.383 1.439
0.783 1.198 0.372 0.685 0.874
0.578 0.474 0.672 0.997 0.192
0.921 0.479 0.821 0.843 3.469
1.488 0.631 0.095 0.308 0.664
0.756 1.511 0.852 0.895 2.985
1.212 0.453 1.177 0.975 1.775
1.7 0.933 1.174 0.827 0.898
1.955 1.395 15.486 0.322 1.163
0.249 0.983 1.05 0.7 1.946
0.966 0.914 0.782 1.214 1.982
2.551 0.651 0.727 0.647 1.863
0.861 0.648 0.419 1.35 0.786
1.283 0.855 2.423 0.853 0.866
0.771 0.597 0.518 2.973 0.764
0.532 0.67 0.556 2.036 0.607
1.247 0.341 0.383 0.871 2.165
0.621 0.858 2.374 0.786 1.295
0.548 1.509 1.23 0.395 0.91
0.589 3.279 3.25 0.818 1.535
1.495 0.828 1.152 0.601 2.11
0.146 0.795 0.788 0.669 0.979
1.198 0.846 0.29 1.612 0.667
1.106 0.558 0.472 0.238 0.417
1.48 1.586 0.611 1.823 0.544
0.269 1.004 3.251 0.827 0.555
1.87 0.181 0.755 0.503 1.527
0.506 0.609 0.844 1.639 2.781
0.827 0.593 1.676 0.775 1.157
1.186 2.767 1.127 0.927 0.576
0.544 5.107 0.897 1.365 3.287
1.241 1.452 0.261 0.333 0.839
0.293 0.481 2.092 0.866 1.244
0.763 0.81 0.735 0.827 2.076
1.416 1.78 1.798 0.914 1.112
1.182 0.536 1.638 0.986 1.171
1.478 0.594 1.352 2.494 0.344
1.201 1.305 0.776 0.629 1.024
0.385 2.978 0.768 0.562 1.286
0.38 1.024 0.346 1.342 0.862
0.461 0.851 1.093 0.914 0.362
0.549 1.4 0.536 1.477 1.28
0.919 1.72 0.986 0.39 1.352
1.245 2.829 0.47 0.982 0.592
1.543 0.748 0.51 1.077 1.797
0.987 0.495 3.481 1.478 0.368
0.841 0.337 0.577 2.992 1.364
0.982 0.717 1.407 1.053 0.693
2.034 0.374 1.174 1.505 0.343
0.539 1.135 0.458 1.645 0.336
1.032 2.167 0.822 1.385 0.555
1.304 0.489 3.739 0.942 1.032
0.482 1.02 1.59 0.987 5.585
2.372 1.325 0.935 1.361 0.679
5.428 0.862 0.714 1.052 1.61
2.118 1.143 0.809 2.842 0.903
0.72 0.254 0.273 2.115 1.711
1.724 1.069 1.656 0.26 2.262
0.563 2.247 0.268 6.92 1.003
0.209 1.094 1.271 1.356 0.203
0.396 5.089 2.263 0.941 0.833
0.607 1.028 0.588 0.196 0.389
1.441 2.268 2.674 1.722 0.871
13.635 1.024 0.788 1.668 0.776
0.925 0.673 1.178 0.548 1.506
0.468 0.741 0.412 1.218 0.841
3.484 0.798 7.715 0.891 1.417
0.847 0.39 0.897 0.6 1.367
0.465 0.518 0.545 2.576 0.829
0.984 2.67 1.584 0.885 1.233
0.349 2.836 19.219 1.393 1.607
0.745 0.503 3.631 0.729 1.815
0.619 1.924 0.761 0.97 0.724
1.46 0.991 0.567 1.755 0.503
2.17 0.492 0.979 1.404 1.285
0.901 1.735 1.094 0.78 1.126
0.913 1.688 0.387 0.765 2.015
1.205 1.363 0.591 1.045 1.091
2.476 1.211 1.184 1.18 1.534
0.613 4.612 1.164 1.183 1.065
1.377 0.594 0.492 0.35 1.438
0.762 0.716 1.665 0.919 0.83
2.185 0.881 0.8 1.717 1.065
0.41 0.906 0.356 0.673 0.709
0.935 0.251 0.352 1.769 0.934
0.802 2.212 3.303 0.638 0.316
2.164 1.158 3.746 1.137 1.637
0.409 1.57 0.228 1.441 0.954
0.346 0.434 0.339 1.366 0.644
1.713 2.244 2.4 0.986 0.89
0.748 1.498 1.084 0.941 0.903
0.383 1.788 3.269 2.266 4.652
0.404 0.67 0.853 1.203 1.275
1.305 0.824 0.817 0.235 0.496
0.806 1.145 0.403 1.075 0.416
3.807 1.274 1.484 0.63 1.378
1.48 1.043 2.602 1.576 2.131
2.471 1.092 0.225 0.296 0.602
0.94 1.068 1.63 1.562 0.872
1.478 0.656 0.926 2.279 1.898
1.925 0.178 3.821 0.852 2.237
0.986 1.722 0.989 1.189 0.876
0.403 0.883 0.58 0.643 0.851
0.951 1.405 2.062 1.024 1.223
0.72 0.332 1.352 0.569 0.518
3.076 0.505 1.036 2.079 0.787
1.572 1.061 0.468 0.608 3.08
2.64 0.779 1.568 0.871 1.3
0.068 0.719 8.415 0.64 1.67
0.744 0.666 1.538 0.328 0.881
0.599 0.373 2.514 0.778 0.199
1.495 3.263 0.209 2.003 1.77
1.026 0.813 0.201 2.261 0.739
11.685 0.643 1.322 0.314 1.689
