7.4 4.6 75.1 8.3 7.2
5.9 3.1 2.9 20.7 13.9
6.1 18.6 33.1 15 26.7
4.3 53.9 22.9 4.9 11.2
18.9 2.8 7 29.2 19.2
17.1 29.5 7.5 18.8 49.5
27.5 16.3 5.1 2.7 56.9
4.7 13.4 9.8 12.4 14.6
51.5 9.2 57.1 13.7 11.8
26 34.6 5.1 18.1 6.2
32.5 23.6 33.6 4 43.9
9.7 9.1 16.8 39.4 20.2
29.9 10.3 33.8 16.8 21.8
28.2 6.5 3.2 7.2 2.1
18.8 5.4 24.9 8.3 27.3
11.9 8.8 51.4 27.6 67.1
18.1 20.5 16.8 17.3 42.4
29.9 12.5 3 10.9 11.8
41.7 27.9 33.7 18 23.2
17.3 1.4 17.4 8.3 10.6
2.3 58.8 20.1 7 28.1
30.8 16.9
